1	0.0
2	0.0
3	0.0
4	1.0
5	0.0
6	0.0
7	0.0
8	0.0
9	0.0
10	0.0
11	1.0
12	0.0
13	0.0
14	0.0
15	0.0
16	0.0
17	0.0
18	0.0
19	0.0
20	0.0
21	0.0
22	0.0
23	0.0
24	0.0
25	0.0
26	0.0
27	0.0
28	0.0
29	0.0
30	0.0
31	0.0
32	0.0
33	0.0
34	0.0
35	0.0
36	0.0
37	0.0
38	0.0
39	0.0
40	0.0
41	0.0
42	0.0
43	0.0
44	1.0
45	0.0
46	0.0
47	1.970299
48	2.95059601
49	2.9210900499
50	2.891879149401
51	0.0
52	2.8343307543279197
53	1.0
54	2.777927572316794
55	3.750148296593626
56	3.7126468136276896
57	3.6755203454914125
58	3.6387651420364984
59	0.0
60	3.566353715709972
61	3.5306901785528724
62	3.4953832767673436
63	3.4604294439996703
64	3.4258251495596737
65	3.391566898064077
66	3.3576512290834364
67	3.324074716792602
68	3.2908339696246762
69	3.2579256299284296
70	3.2253463736291454
71	3.193092909892854
72	3.1611619807939255
73	3.129550360985986
74	3.098254857376126
75	3.0672723088023646
76	3.036599585714341
77	3.0062335898571972
78	2.976171253958625
79	2.946409541419039
80	2.9169454460048487
81	2.8877759915448
82	2.858898231629352
83	2.8303092493130584
84	2.8020061568199277
85	3.7739860952517286
86	3.736246234299211
87	3.698883771956219
88	3.6618949342366567
89	3.62527598489429
90	3.589023225045347
91	3.5531329927948936
92	3.5176016628669444
93	3.482425646238275
94	3.447601389775892
95	3.413125375878133
96	3.3789941221193516
97	3.345204180898158
98	3.3117521390891764
99	3.278634617698285
100	3.245848271521302
101	3.2133897888060887
102	3.181255890918028
103	3.1494433320088477
104	3.117948898688759
105	3.0867694097018714
106	3.0559017156048527
107	3.0253426984488043
108	2.9950892714643165
109	2.9651383787496735
110	2.9354869949621767
111	2.906132125012555
112	2.8770708037624293
113	2.848300095724805
114	2.819817094767557
115	2.791618923819881
116	2.7637027345816825
117	2.736065707235866
118	2.7087050501635073
119	2.681617999661872
120	2.6548018196652534
121	2.6282538014686008
122	2.601971263453915
123	2.5759515508193758
124	2.550192035311182
125	2.5246901149580703
126	2.4994432138084894
127	2.4744487816704046
128	2.4497042938537006
129	2.4252072509151636
130	2.400955178406012
131	2.3769456266219517
132	2.353176170355732
133	2.329644408652175
134	2.306347964565653
135	2.2832844849199962
136	2.260451640070796
137	2.2378471236700883
138	2.2154686524333873
139	2.1933139659090535
140	2.1713808262499628
141	2.149667017987463
142	2.1281703478075884
143	2.1068886443295125
144	2.085819757886217
145	2.064961560307355
146	2.0443119447042815
147	2.0238688252572388
148	2.0036301370046665
149	1.9835938356346199
150	1.9637578972782737
151	1.944120318305491
152	1.924679115122436
153	1.9054323239712117
154	1.8863780007314994
155	1.8675142207241844
156	1.8488390785169426
157	1.8303506877317732
158	1.8120471808544554
159	1.7939267090459108
160	1.7759874419554516
161	1.758227567535897
162	1.740645291860538
163	1.7232388389419326
164	1.7060064505525132
165	1.688946386046988
166	1.672056922186518
167	1.6553363529646528
168	1.638782989435006
169	1.622395159540656
170	1.6061712079452495
171	1.5901094958657969
172	1.5742084009071389
173	1.5584663168980675
174	1.5428816537290868
175	1.527452837191796
176	1.512178308819878
177	1.497056525731679
178	1.4820859604743621
179	1.4672651008696185
180	1.4525924498609222
181	1.4380665253623128
182	1.4236858601086897
183	1.4094490015076029
184	1.3953545114925268
185	1.3814009663776015
186	1.3675869567138255
187	1.3539110871466873
188	1.3403719762752204
189	1.3269682565124683
190	1.3136985739473437
191	1.3005615882078703
192	1.2875559723257914
193	1.2746804126025335
194	1.2619336084765083
195	1.2493142723917432
196	1.2368211296678258
197	1.2244529183711474
198	1.212208389187436
199	1.2000863052955617
200	1.1880854422426061
201	1.1762045878201801
202	1.1644425419419784
203	1.1527981165225585
204	1.141270135357333
205	1.1298574340037595
206	1.118558859663722
207	1.1073732710670847
208	1.0962995383564138
209	1.0853365429728496
210	1.0744831775431212
211	1.0637383457676899
212	1.053100962310013
213	0.0
214	1.0321442531600435
215	1.021822810628443
216	1.0116045825221587
217	1.001488536696937
218	0.9914736513299677
219	0.981558914816668
220	0.9717433256685013
221	0.9620258924118162
222	0.952405633487698
223	0.9428815771528211
224	0.9334527613812929
225	0.9241182337674799
226	0.9148770514298051
227	0.9057282809155071
228	0.896670998106352
229	0.8877042881252885
230	0.8788272452440355
231	0.8700389727915951
232	0.8613385830636792
233	0.8527251972330424
234	0.844197945260712
235	0.8357559658081049
236	0.8273984061500238
237	0.8191244220885235
238	0.8109331778676383
239	0.802823846088962
240	0.7947956076280723
241	0.7868476515517916
242	0.7789791750362737
243	0.7711893832859109
244	0.7634774894530518
245	0.7558427145585213
246	0.7482842874129361
247	0.7408014445388067
248	0.7333934300934186
249	0.7260594957924844
250	0.7187989008345596
251	0.7116109118262139
252	0.7044948027079518
253	0.6974498546808723
254	0.6904753561340635
255	0.6835706025727228
256	0.6767348965469956
257	0.6699675475815257
258	0.6632678721057104
259	0.6566351933846533
260	0.6500688414508067
261	0.6435681530362986
262	0.6371324715059355
263	0.6307611467908761
264	0.6244535353229673
265	0.6182089999697377
266	0.6120269099700403
267	0.6059066408703399
268	0.5998475744616365
269	0.5938490987170202
270	0.5879106077298499
271	0.5820315016525515
272	0.576211186636026
273	0.5704490747696658
274	0.5647445840219691
275	0.5590971381817494
276	0.5535061667999319
277	0.5479711051319326
278	0.5424913940806133
279	0.5370664801398072
280	0.5316958153384092
281	0.5263788571850251
282	0.5211150686131748
283	0.515903917927043
284	0.5107448787477726
285	0.5056374299602949
286	0.500581055660692
287	0.49557524510408507
288	0.4906194926530442
289	0.4857132977265138
290	0.48085616474924864
291	0.47604760310175614
292	0.47128712707073855
293	0.46657425580003115
294	0.4619085132420308
295	0.4572894281096105
296	0.4527165338285144
297	0.4481893684902293
298	0.44370747480532696
299	0.4392704000572737
300	0.43487769605670096
301	0.43052891909613394
302	0.4262236299051726
303	0.4219613936061209
304	0.41774177967005965
305	0.41356436187335904
306	0.40942871825462546
307	0.40533443107207917
308	0.4012810867613584
309	0.3972682758937448
310	0.39329559313480733
311	0.38936263720345926
312	0.38546901083142465
313	0.3816143207231104
314	0.3777981775158793
315	0.3740201957407205
316	0.3702799937833133
317	0.36657719384548015
318	0.36291142190702536
319	0.3592823076879551
320	0.3556894846110755
321	0.35213258976496475
322	0.3486112638673151
323	0.34512515122864196
324	0.34167389971635553
325	0.338257160719192
326	0.3348745891120001
327	0.3315258432208801
328	0.32821058478867127
329	0.3249284789407845
330	0.3216791941513767
331	0.31846240220986294
332	0.3152777781877643
333	0.31212500040588664
334	0.30900375040182776
335	0.3059137128978095
336	0.3028545757688314
337	0.2998260300111431
338	0.2968277697110317
339	0.29385949201392136
340	0.29092089709378216
341	0.28801168812284433
342	0.28513157124161587
343	0.2822802555291997
344	0.2794574529739077
345	0.27666287844416865
346	0.273896249659727
347	0.2711572871631297
348	0.2684457142914984
349	0.2657612571485834
350	0.26310364457709756
351	0.2604726081313266
352	0.2578678820500133
353	0.2552892032295132
354	0.0
355	0.2502089480852459
356	0.24770685860439345
357	0.24522979001834952
358	0.24277749211816602
359	0.24034971719698436
360	0.2379462200250145
361	0.23556675782476436
362	0.2332110902465167
363	0.23087897934405155
364	0.22857018955061104
365	0.22628448765510492
366	0.22402164277855388
367	0.22178142635076833
368	0.21956361208726066
369	0.21736797596638804
370	0.21519429620672417
371	0.21304235324465692
372	0.21091192971221034
373	0.20880281041508825
374	0.20671478231093737
375	0.204647634487828
376	0.2026011581429497
377	0.2005751465615202
378	0.198569395095905
379	0.19658370114494594
380	0.1946178641334965
381	0.19267168549216152
382	0.1907449686372399
383	0.18883751895086748
384	0.1869491437613588
385	0.1850796523237452
386	0.18322885580050777
387	0.1813965672425027
388	0.17958260157007766
389	0.17778677555437689
390	0.1760089077988331
391	0.17424881872084477
392	0.17250633053363632
393	0.17078126722829995
394	0.16907345455601694
395	0.16738272001045676
396	0.1657088928103522
397	0.1640518038822487
398	0.1624112858434262
399	0.16078717298499196
400	0.15917930125514204
401	0.15758750824259063
402	0.15601163316016473
403	0.1544515168285631
404	0.15290700166027746
405	0.1513779316436747
406	0.14986415232723793
407	0.14836551080396554
408	0.14688185569592588
409	0.1454130371389666
410	0.14395890676757694
411	0.14251931769990117
412	0.14109412452290215
413	0.13968318327767312
414	0.1382863514448964
415	0.13690348793044743
416	0.13553445305114295
417	0.13417910852063153
418	0.1328373174354252
419	0.13150894426107096
420	0.13019385481846024
421	0.12889191627027563
422	0.12760299710757286
423	0.12632696713649713
424	0.12506369746513216
425	0.12381306049048084
426	0.12257492988557603
427	0.12134918058672027
428	0.12013568878085307
429	0.11893433189304453
430	0.11774498857411408
431	0.11656753868837294
432	0.11540186330148922
433	0.11424784466847432
434	0.11310536622178957
435	0.11197431255957167
436	0.11085456943397595
437	0.1097460237396362
438	0.10864856350223984
439	0.10756207786721744
440	0.10648645708854526
441	0.10542159251765981
442	0.10436737659248321
443	0.10332370282655838
444	0.0
445	0.10126756114030987
446	0.10025488552890677
447	0.0992523366736177
448	0.09825981330688152
449	0.0972772151738127
450	0.09630444302207457
451	0.09534139859185382
452	0.09438798460593528
453	0.09344410475987593
454	0.09250966371227716
455	0.09158456707515439
456	0.09066872140440284
457	0.0897620341903588
458	0.08886441384845521
459	0.08797576970997066
460	0.08709601201287095
461	0.08622505189274224
462	0.08536280137381481
463	0.08450917336007667
464	0.0836640816264759
465	0.08282744081021114
466	0.08199916640210902
467	0.08117917473808793
468	0.08036738299070705
469	0.07956370916079998
470	0.07876807206919198
471	0.07798039134850006
472	0.07720058743501505
473	0.0764285815606649
474	0.07566429574505824
475	0.07490765278760766
476	0.07415857625973159
477	0.07341699049713427
478	0.07268282059216293
479	0.0719559923862413
480	0.07123643246237889
481	0.0705240681377551
482	0.06981882745637755
483	0.0
484	0.06842943278999564
485	0.06774513846209568
486	0.06706768707747472
487	0.06639701020669997
488	0.06573304010463298
489	0.06507570970358664
490	0.06442495260655078
491	0.06378070308048527
492	0.06314289604968042
493	0.0
494	0.0
495	0.0
496	0.0
497	0.0
498	0.0
499	0.0
500	0.0
501	0.05768212459744971
502	0.05710530335147521
503	0.05653425031796046
504	0.05596890781478085
505	0.05540921873663304
506	0.0
507	0.05430657528377404
508	0.0537635095309363
509	0.05322587443562694
510	0.052693615691270665
511	0.05216667953435796
512	0.05164501273901438
513	0.05112856261162424
514	0.050617276985508
515	0.050111104215652916
516	0.04960999317349639
517	0.04911389324176142
518	0.048622754309343805
519	0.04813652676625037
520	0.0
521	0.0
522	0.0
523	0.0
524	0.04577735799144912
525	0.0
526	0.044866388567419285
527	0.04441772468174509
528	0.0
529	0.0
530	0.0
531	0.0
532	0.0
533	0.0
534	0.0
535	0.04098621978864036
536	0.0
537	0.0
538	0.0
539	0.0
540	0.0
541	0.0
542	0.0
543	0.0
544	0.0
545	0.03706720249921749
546	0.0
547	0.0
548	0.0
549	0.0
550	0.03525054075438424
551	0.0348980353468404
552	0.03454905499337199
553	0.03420356444343827
554	0.033861528799003886
555	0.033522913511013844
556	0.033187684375903706
557	0.0
558	0.0
559	0.0
560	0.0
561	0.03156115762070611
562	0.0
563	0.0
564	0.0
565	0.030317522081431382
566	0.0
567	0.0
568	0.0
569	0.0
570	0.0
571	0.0
572	1.0
573	0.0
574	0.0
575	0.0
576	0.0
577	0.0
578	1.0
579	0.0
580	1.0
581	0.0
582	0.0
583	0.970299
584	0.0
585	0.0
586	0.941480149401
587	0.0
588	0.0
589	0.9135172474836409
590	0.0
591	0.8953382542587165
592	0.0
593	0.8775210229989681
594	1.8687458127689784
595	0.0
596	0.0
597	1.8132421933839271
598	1.7951097714500879
599	1.777158673735587
600	0.0
601	1.7417932161282486
602	1.7243752839669662
603	1.7071315311272965
604	0.0
605	1.6731596136578633
606	1.6564280175212847
607	1.6398637373460718
608	1.623465099972611
609	2.607230448972885
610	2.581158144483156
611	2.5553465630383245
612	2.5297930974079414
613	2.504495166433862
614	2.4794502147695234
615	2.454655712621828
616	2.4301091554956096
617	2.4058080639406536
618	2.381749983301247
619	2.3579324834682347
620	2.334353158633552
621	2.3110096270472167
622	2.2878995307767447
623	2.2650205354689774
624	2.2423703301142877
625	2.2199466268131447
626	2.1977471605450134
627	2.1757696889395635
628	2.154011992050168
629	2.132471872129666
630	2.1111471534083694
631	2.090035681874286
632	2.069135325055543
633	2.048443971804988
634	2.027959532086938
635	3.0076799367660687
636	2.977603137398408
637	2.9478271060244237
638	2.9183488349641795
639	2.8891653466145377
640	2.8602736931483923
641	2.8316709562169082
642	2.803354246654739
643	2.7753207041881915
644	2.7475674971463095
645	2.7200918221748465
646	2.692890903953098
647	2.665961994913567
648	2.6393023749644313
649	2.612909351214787
650	2.5867802577026393
651	2.560912455125613
652	2.5353033305743566
653	2.509950297268613
654	2.484850794295927
655	2.460002286352968
656	2.435402263489438
657	2.4110482408545435
658	2.386937758445998
659	2.363068380861538
660	2.3394376970529227
661	2.3160433200823936
662	2.2928828868815696
663	2.269954058012754
664	2.2472545174326264
665	2.2247819722583
666	2.2025341525357174
667	2.1805088110103603
668	2.1587037229002566
669	2.137116685671254
670	2.115745518814541
671	2.0945880636263956
672	2.0736421829901315
673	2.05290576116023
674	2.0323767035486275
675	2.0120529365131414
676	1.99193240714801
677	1.97201308307653
678	1.9522929522457646
679	1.932770022723307
680	1.9134423224960737
681	1.8943078992711129
682	1.8753648202784017
683	1.8566111720756175
684	1.8380450603548613
685	1.8196646097513127
686	1.8014679636537996
687	1.7834532840172617
688	1.765618751177089
689	1.7479625636653182
690	1.730482938028665
691	1.7131781086483784
692	1.6960463275618947
693	1.6790858642862756
694	1.662295005643413
695	1.6456720555869788
696	1.629215335031109
697	1.6129231816807978
698	1.5967939498639898
699	1.58082601036535
700	1.5650177502616964
701	1.5493675727590794
702	1.5338738970314887
703	1.518535158061174
704	1.5033498064805622
705	1.4883163084157565
706	1.473433145331599
707	1.458698813878283
708	1.4441118257395003
709	2.4296707074821056
710	2.4053740004072846
711	2.3813202604032115
712	2.3575070577991792
713	2.333931987221187
714	2.3105926673489754
715	2.2874867406754857
716	2.264611873268731
717	2.241965754536044
718	2.2195460969906833
719	2.1973506360207766
720	2.1753771296605686
721	2.153623358363963
722	2.1320871247803233
723	2.11076625353252
724	2.0896585909971948
725	2.0687620050872226
726	2.0480743850363505
727	2.027593641185987
728	2.007317704774127
729	1.9872445277263857
730	1.9673720824491219
731	1.9476983616246306
732	1.9282213780083843
733	1.9089391642283005
734	1.8898497725860175
735	1.8709512748601573
736	1.8522417621115557
737	1.83371934449044
738	1.8153821510455357
739	1.7972283295350804
740	1.7792560462397295
741	1.7614634857773321
742	1.7438488509195589
743	1.7264103624103633
744	1.7091462587862596
745	1.692054796198397
746	1.6751342482364129
747	1.6583829057540487
748	1.6417990766965083
749	1.6253810859295432
750	1.6091272750702479
751	1.5930360023195453
752	1.5771056422963499
753	1.5613345858733862
754	1.5457212400146523
755	1.5302640276145056
756	1.5149613873383605
757	1.499811773464977
758	1.484813655730327
759	1.4699655191730239
760	1.4552658639812937
761	1.4407132053414806
762	1.4263060732880657
763	1.412043012555185
764	1.3979225824296333
765	1.383943356605337
766	1.3701039230392835
767	1.3564028838088906
768	1.3428388549708017
769	1.3294104664210937
770	1.3161163617568827
771	1.302955198139314
772	1.2899256461579207
773	1.2770263896963414
774	1.264256125799378
775	1.2516135645413842
776	1.2390974288959704
777	1.2267064546070108
778	1.2144393900609407
779	1.2022949961603313
780	1.190272046198728
781	1.1783693257367407
782	1.1665856324793733
783	1.1549197761545795
784	1.1433705783930337
785	1.1319368726091033
786	1.1206175038830122
787	1.109411328844182
788	1.0983172155557401
789	1.0873340434001828
790	1.076460702966181
791	1.0656960959365191
792	1.055039134977154
793	1.0444887436273824
794	1.0340438561911085
795	1.0237034176291975
796	1.0134663834529054
797	1.0033317196183764
798	0.9932984024221927
799	0.9833654183979708
800	0.973531764213991
801	0.963796446571851
802	0.9541584821061325
803	0.9446168972850711
804	0.9351707283122205
805	0.9258190210290983
806	0.9165608308188073
807	0.9073952225106192
808	0.898321270285513
809	0.8893380575826578
810	0.8804446770068313
811	0.871640230236763
812	0.8629238279343954
813	0.8542945896550515
814	0.845751643758501
815	0.837294127320916
816	0.8289211860477068
817	0.8206319741872298
818	0.8124256544453574
819	0.8043013979009038
820	0.7962583839218947
821	0.7882958000826757
822	0.780412842081849
823	0.7726087136610306
824	0.7648826265244203
825	0.7572338002591761
826	0.7496614622565844
827	0.7421648476340185
828	0.7347431991576783
829	0.7273957671661014
830	0.7201218094944404
831	0.7129205913994959
832	0.7057913854855009
833	0.6987334716306459
834	0.6917461369143395
835	0.6848286755451961
836	0.6779803887897441
837	0.6712005849018466
838	0.6644885790528282
839	0.6578436932623
840	0.6512652563296769
841	0.6447526037663801
842	0.6383050777287163
843	0.6319220269514291
844	0.6256028066819148
845	0.6193467786150957
846	0.6131533108289448
847	0.6070217777206554
848	0.6009515599434488
849	0.5949420443440143
850	0.5889926239005742
851	0.5831026976615684
852	0.5772716706849528
853	0.5714989539781032
854	0.5657839644383222
855	0.560126124793939
856	0.5545248635459996
857	0.5489796149105396
858	0.5434898187614342
859	0.5380549205738199
860	0.5326743713680817
861	0.5273476276544009
862	0.5220741513778568
863	0.5168534098640782
864	0.5116848757654374
865	0.506568027007783
866	0.5015023467377052
867	0.4964873232703282
868	0.4915224500376249
869	0.48660722553724867
870	0.48174115328187617
871	0.4769237417490574
872	0.4721545043315668
873	0.4674329592882511
874	0.46275862969536863
875	0.4581310433984149
876	0.4535497329644308
877	0.4490142356347865
878	0.4445240932784386
879	0.44007885234565425
880	0.4356780638221977
881	0.4313212831839757
882	0.42700807035213595
883	0.4227379896486146
884	0.41851060975212845
885	0.4143255036546072
886	0.41018224861806113
887	0.4060804261318805
888	0.40201962187056167
889	0.39799942565185603
890	0.39401943139533746
891	0.3900792370813841
892	0.3861784447105702
893	0.3823166602634645
894	0.37849349366082985
895	0.37470855872422154
896	0.3709614731369793
897	0.36725185840560953
898	0.36357933982155344
899	0.3599435464233379
900	0.35634411095910457
901	0.3527806698495135
902	0.3492528631510184
903	0.3457603345195082
904	0.34230273117431315
905	0.33887970386257
906	0.3354909068239443
907	0.33213599775570485
908	0.3288146377781478
909	0.3255264914003663
910	0.32227122648636264
911	0.319048514221499
912	0.315858029079284
913	0.31269944878849115
914	0.30957245430060626
915	0.3064767297576002
916	0.3034119624600242
917	0.30037784283542396
918	0.2973740644070697
919	0.294400323762999
920	0.291456320525369
921	0.28854175732011533
922	0.2856563397469142
923	0.28279977634944503
924	0.27997177858595057
925	0.27717206080009105
926	0.27440034019209014
927	0.27165633679016926
928	0.26893977342226755
929	0.2662503756880449
930	0.26358787193116445
931	0.2609519932118528
932	0.25834247327973425
933	0.25575904854693693
934	0.25320145806146754
935	0.25066944348085285
936	0.24816274904604432
937	0.2456811215555839
938	0.24322431034002803
939	0.24079206723662774
940	0.23838414656426146
941	0.23600030509861886
942	0.23364030204763267
943	0.23130389902715634
944	0.22899086003688476
945	0.22670095143651592
946	0.22443394192215077
947	0.22218960250292927
948	0.21996770647789998
949	0.21776802941312098
950	0.21559034911898978
951	0.21343444562779987
952	0.21130010117152187
953	0.20918710015980665
954	0.20709522915820858
955	0.2050242768666265
956	0.20297403409796022
957	0.2009442937569806
958	0.1989348508194108
959	0.1969455023112167
960	0.19497604728810455
961	0.19302628681522352
962	0.1910960239470713
963	0.18918506370760058
964	0.18729321307052457
965	0.18542028093981933
966	0.18356607813042114
967	0.18173041734911694
968	0.17991311317562578
969	0.17811398204386952
970	0.17633284222343082
971	0.1745695138011965
972	0.17282381866318455
973	0.1710955804765527
974	0.1693846246717872
975	0.16769077842506933
976	0.16601387064081863
977	0.16435373193441044
978	0.16271019461506633
979	0.16108309266891566
980	0.1594722617422265
981	0.15787753912480423
982	0.1562987637335562
983	0.15473577609622063
984	0.15318841833525842
985	0.15165653415190583
986	0.15013996881038677
987	0.1486385691222829
988	0.14715218343106007
989	0.14568066159674947
990	0.14422385498078197
991	0.14278161643097415
992	0.14135380026666441
993	0.13994026226399778
994	0.1385408596413578
995	0.1371554510449442
996	0.13578389653449477
997	0.13442605756914983
998	0.13308179699345832
999	0.13175097902352373
1000	0.1304334692332885
1001	0.12912913454095562
