1	0.0
2	1.0
3	0.95
4	0.9025
5	0.8573749999999999
6	0.8145062499999999
7	0.7737809374999999
8	0.7350918906249998
9	0.6983372960937497
10	0.6634204312890623
11	0.6302494097246091
12	0.5987369392383786
13	1.5688000922764596
14	1.4903600876626366
15	2.4158420832795047
16	2.295049979115529
17	2.1802974801597528
18	2.071282606151765
19	1.9677184758441766
20	2.8693325520519677
21	2.7258659244493693
22	3.5895726282269007
23	4.410093996815556
24	4.189589296974778
25	3.980109832126039
26	3.781104340519737
27	3.5920491234937497
28	4.412446667319061
29	4.191824333953108
30	4.982233117255452
31	4.733121461392679
32	4.496465388323045
33	4.271642118906893
34	5.0580600129615485
35	4.805157012313471
36	4.564899161697797
37	4.336654203612907
38	4.119821493432261
39	3.913830418760648
40	3.718138897822615
41	3.5322319529314843
42	3.35562035528491
43	3.187839337520664
44	3.028447370644631
45	2.8770250021123993
46	2.7331737520067794
47	2.5965150644064403
48	2.4666893111861183
49	2.3433548456268123
50	2.2261871033454717
51	2.114877748178198
52	2.009133860769288
53	1.9086771677308236
54	1.8132433093442824
55	1.7225811438770682
56	1.6364520866832146
57	1.5546294823490538
58	1.476898008231601
59	1.4030531078200208
60	1.3329004524290198
61	1.2662554298075688
62	1.2029426583171903
63	1.1427955254013307
64	1.0856557491312642
65	1.031372961674701
66	0.9798043135909659
67	0.9308140979114176
68	1.8842733930158466
69	1.7900597233650541
70	1.7005567371968013
71	1.6155289003369613
72	1.534752455320113
73	1.4580148325541074
74	1.385114090926402
75	1.3158583863800817
76	1.2500654670610776
77	1.1875621937080236
78	1.1281840840226225
79	1.0717748798214912
80	1.0181861358304165
81	0.9672768290388957
82	0.9189129875869508
83	0.8729673382076033
84	0.8293189712972231
85	0.7878530227323619
86	0.7484603715957437
87	0.7110373530159565
88	0.6754854853651586
89	0.6417112110969007
90	0.6096256505420556
91	0.5791443680149528
92	0.5501871496142051
93	0.5226777921334949
94	0.49654390252682007
95	0.47171670740047905
96	0.4481308720304551
97	0.4257243284289323
98	0.4044381120074857
99	0.3842162064071114
100	0.3650053960867558
101	0.346755126282418
102	0.32941736996829707
103	0.3129465014698822
104	0.29729917639638803
105	0.2824342175765686
106	0.26831250669774015
107	0.25489688136285316
108	0.2421520372947105
109	0.23004443542997496
110	1.2185422136584763
111	1.1576151029755524
112	1.0997343478267747
113	1.044747630435436
114	0.9925102489136641
115	0.9428847364679809
116	0.8957404996445818
117	0.8509534746623527
118	0.8084058009292351
119	0.7679855108827733
120	1.7295862353386346
121	2.643106923571703
122	2.5109515773931177
123	2.385403998523462
124	2.2661337985972887
125	2.152827108667424
126	2.045185753234053
127	1.9429264655723502
128	2.8457801422937328
129	2.703491135179046
130	3.5683165784200934
131	4.3899007494990885
132	4.170405712024134
133	4.961885426422927
134	5.71379115510178
135	5.428101597346691
136	5.156696517479356
137	4.898861691605388
138	5.653918607025118
139	5.371222676673862
140	5.102661542840169
141	4.84752846569816
142	4.605152042413251
143	4.3748944402925884
144	4.156149718277959
145	3.9483422323640607
146	3.7509251207458574
147	3.5633788647085645
148	3.385209921473136
149	3.2159494253994794
150	3.055151954129505
151	2.90239435642303
152	2.7572746386018783
153	2.619410906671784
154	2.4884403613381947
155	2.364018343271285
156	2.2458174261077204
157	2.133526554802334
158	2.0268502270622175
159	1.9255077157091065
160	1.829232329923651
161	1.7377707134274685
162	1.650882177756095
163	1.5683380688682902
164	1.4899211654248756
165	1.4154251071536317
166	1.34465385179595
167	1.2774211592061526
168	1.213550101245845
169	1.1528725961835526
170	1.095228966374375
171	1.0404675180556562
172	0.9884441421528734
173	0.9390219350452297
174	0.8920708382929682
175	0.8474672963783197
176	0.8050939315594037
177	0.7648392349814335
178	0.7265972732323618
179	0.6902674095707436
180	0.6557540390922064
181	0.6229663371375961
182	0.5918180202807163
183	0.5622271192666805
184	0.5341157633033464
185	0.5074099751381791
186	0.4820394763812701
187	0.45793750256220656
188	0.4350406274340962
189	0.4132885960623914
190	0.39262416625927177
191	0.37299295794630816
192	0.3543433100489927
193	0.33662614454654305
194	0.3197948373192159
195	0.30380509545325507
196	0.2886148406805923
197	0.2741840986465627
198	0.26047489371423455
199	0.2474511490285228
200	0.23507859157709665
201	0.2233246619982418
202	0.2121584288983297
203	0.2015505074534132
204	0.19147298208074254
205	0.1818993329767054
206	0.17280436632787013
207	0.1641641480114766
208	0.15595594061090276
209	0.14815814358035762
210	0.14075023640133974
211	0.13371272458127276
212	0.1270270883522091
213	0.12067573393459864
214	0.1146419472378687
215	0.10890984987597527
216	0.1034643573821765
217	0.09829113951306767
218	0.09337658253741428
219	0.08870775341054356
220	0.08427236574001637
221	0.08005874745301554
222	0.07605581008036476
223	1.0722530195763464
224	1.0186403685975292
225	0.9677083501676527
226	0.91932293265927
227	0.8733567860263065
228	0.8296889467249912
229	1.7882044993887416
230	1.6987942744193045
231	1.6138545606983392
232	1.5331618326634222
233	1.456503741030251
234	1.3836785539787384
235	1.3144946262798014
236	1.2487698949658113
237	1.1863314002175207
238	1.1270148302066447
239	1.0706640886963124
240	1.0171308842614968
241	0.9662743400484219
242	0.9179606230460008
243	0.8720625918937007
244	1.8284594622990156
245	1.7370364891840646
246	1.6501846647248612
247	1.567675431488618
248	1.4892916599141872
249	1.4148270769184779
250	2.3440857230725536
251	2.2268814369189256
252	2.115537365072979
253	2.00976049681933
254	1.9092724719783636
255	1.8138088483794452
256	1.723118405960473
257	1.6369624856624492
258	1.5551143613793266
259	1.4773586433103603
260	1.4034907111448423
261	1.3333161755876002
262	1.26665036680822
263	2.203317848467809
264	2.0931519560444185
265	2.9884943582421974
266	2.8390696403300875
267	2.697116158313583
268	2.562260350397904
269	2.4341473328780086
270	2.312439966234108
271	2.1968179679224025
272	2.086977069526282
273	1.982628216049968
274	2.8834968052474697
275	2.739321964985096
276	2.602355866735841
277	2.472238073399049
278	2.3486261697290964
279	2.2311948612426415
280	2.1196351181805095
281	2.013653362271484
282	1.9129706941579097
283	1.8173221594500142
284	1.7264560514775134
285	1.6401332489036375
286	1.5581265864584557
287	1.4802202571355327
288	1.406209244278756
289	1.335898782064818
290	1.269103842961577
291	1.2056486508134983
292	1.1453662182728233
293	1.088097907359182
294	1.0336930119912229
295	0.9820083613916617
296	0.9329079433220786
297	0.8862625461559747
298	0.8419494188481759
299	0.7998519479057671
300	0.7598593505104787
301	1.7218663829849548
302	1.6357730638357069
303	1.5539844106439213
304	1.476285190111725
305	1.4024709306061387
306	2.332347384075832
307	2.2157300148720402
308	3.104943514128438
309	2.949696338422016
310	2.802211521500915
311	2.6621009454258693
312	2.5289958981545757
313	2.4025461032468467
314	2.282418798084504
315	2.1682978581802788
316	2.0598829652712647
317	1.9568888170077015
318	1.8590443761573163
319	1.7660921573494504
320	1.6777875494819778
321	1.5938981720078789
322	1.514203263407485
323	1.4384931002371106
324	1.3665684452252551
325	1.2982400229639923
326	1.2333280218157927
327	1.171661620725003
328	1.1130785396887528
329	1.0574246127043152
330	1.0045533820690995
331	0.9543257129656445
332	0.9066094273173623
333	0.8612789559514941
334	0.8182150081539193
335	0.7773042577462234
336	0.7384390448589122
337	0.7015170926159666
338	0.6664412379851683
339	0.6331191760859098
340	0.6014632172816143
341	0.5713900564175336
342	0.5428205535966569
343	0.5156795259168241
344	0.48989554962098286
345	0.4654007721399337
346	0.44213073353293697
347	0.4200241968562901
348	0.3990229870134756
349	0.3790718376628018
350	0.36011824577966167
351	0.3421123334906786
352	0.3250067168161447
353	0.3087563809753374
354	0.2933185619265705
355	0.27865263383024197
356	0.26472000213872987
357	0.2514840020317934
358	0.2389098019302037
359	0.2269643118336935
360	0.2156160962420088
361	0.20483529142990836
362	0.19459352685841294
363	0.18486385051549228
364	0.17562065798971765
365	0.16683962509023176
366	0.15849764383572015
367	0.15057276164393413
368	0.1430441235617374
369	0.13589191738365053
370	0.12909732151446798
371	0.12264245543874458
372	0.11651033266680734
373	0.11068481603346697
374	0.10515057523179362
375	0.09989304647020393
376	0.09489839414669372
377	0.09015347443935903
378	0.08564580071739107
379	0.08136351068152152
380	0.07729533514744544
381	0.07343056839007316
382	0.0697590399705695
383	0.06627108797204102
384	0.06295753357343897
385	0.05980965689476702
386	0.05681917405002867
387	0.05397821534752723
388	0.05127930458015087
389	0.048715339351143326
390	0.04627957238358616
391	0.04396559376440685
392	0.0417673140761865
393	0.039678948372377176
394	0.037695000953758315
395	0.035810250906070394
396	0.034019738360766875
397	0.03231875144272853
398	0.0307028138705921
399	0.029167673177062495
400	0.02770928951820937
401	0.0263238250422989
402	0.025007633790183954
403	0.023757252100674756
404	0.022569389495641017
405	0.021440920020858966
406	0.020368874019816016
407	0.019350430318825215
408	0.018382908802883954
409	0.017463763362739755
410	0.016590575194602768
411	0.01576104643487263
412	0.014972994113128996
413	0.014224344407472545
414	0.013513127187098918
415	0.01283747082774397
416	0.012195597286356772
417	0.011585817422038933
418	0.011006526550936986
419	0.010456200223390137
420	0.00993339021222063
421	0.009436720701609598
422	0.008964884666529118
423	0.008516640433202662
424	0.008090808411542529
425	0.007686267990965402
426	0.007301954591417132
427	0.006936856861846275
428	0.006590014018753961
429	0.0062605133178162626
430	0.005947487651925449
431	0.005650113269329176
432	0.005367607605862717
433	0.005099227225569581
434	0.004844265864291102
435	0.004602052571076547
436	0.00437194994252272
437	0.004153352445396583
438	0.003945684823126754
439	0.003748400581970416
440	0.003560980552871895
441	0.0033829315252283
442	0.003213784948966885
443	0.0030530957015185408
444	0.0029004409164426134
445	0.0027554188706204828
446	0.0026176479270894584
447	0.002486765530734985
448	0.0023624272541982357
449	0.002244305891488324
450	0.0021320905969139077
451	0.002025486067068212
452	0.0019242117637148014
453	0.0018280011755290612
454	0.0017366011167526082
455	0.0016497710609149777
456	0.0015672825078692288
457	0.0014889183824757673
458	0.001414472463351979
459	0.0013437488401843798
460	0.0012765613981751609
461	0.0012127333282664027
462	0.0011520966618530826
463	0.0010944918287604283
464	0.0010397672373224068
465	9.877788754562864E-4
466	9.38389931683472E-4
467	8.914704350992984E-4
468	8.468969133443334E-4
469	8.045520676771167E-4
470	7.643244642932608E-4
471	7.261082410785977E-4
472	6.898028290246678E-4
473	6.553126875734344E-4
474	6.225470531947626E-4
475	5.914197005350244E-4
476	5.618487155082732E-4
477	5.337562797328595E-4
478	5.070684657462165E-4
479	4.8171504245890566E-4
480	4.5762929033596033E-4
481	4.3474782581916227E-4
482	4.130104345282041E-4
483	3.923599128017939E-4
484	3.7274191716170417E-4
485	3.5410482130361897E-4
486	3.36399580238438E-4
487	3.1957960122651607E-4
488	3.0360062116519025E-4
489	2.884205901069307E-4
490	2.739995606015842E-4
491	2.6029958257150495E-4
492	2.472846034429297E-4
493	2.3492037327078321E-4
494	2.2317435460724404E-4
495	2.1201563687688182E-4
496	2.0141485503303772E-4
497	1.9134411228138583E-4
498	1.8177690666731653E-4
499	1.726880613339507E-4
500	1.6405365826725315E-4
501	1.5585097535389047E-4
502	1.4805842658619593E-4
503	1.4065550525688614E-4
504	1.3362272999404182E-4
505	1.2694159349433974E-4
506	1.2059451381962275E-4
507	1.1456478812864161E-4
508	1.0883654872220953E-4
509	1.0339472128609905E-4
510	9.82249852217941E-5
511	9.331373596070439E-5
512	8.864804916266916E-5
513	8.42156467045357E-5
514	8.00048643693089E-5
515	7.600462115084346E-5
516	7.220439009330129E-5
517	6.859417058863622E-5
518	6.51644620592044E-5
519	6.190623895624418E-5
520	5.881092700843197E-5
521	5.5870380658010374E-5
522	5.3076861625109854E-5
523	5.042301854385436E-5
524	4.790186761666164E-5
525	4.550677423582856E-5
526	4.323143552403713E-5
527	4.106986374783527E-5
528	3.90163705604435E-5
529	3.7065552032421326E-5
530	3.5212274430800256E-5
531	3.345166070926024E-5
532	3.1779077673797226E-5
533	3.0190123790107363E-5
534	2.8680617600601994E-5
535	2.7246586720571893E-5
536	2.5884257384543296E-5
537	2.459004451531613E-5
538	2.336054228955032E-5
539	2.2192515175072805E-5
540	2.1082889416319164E-5
541	2.0028744945503205E-5
542	1.9027307698228045E-5
543	1.8075942313316643E-5
544	1.717214519765081E-5
545	1.631353793776827E-5
546	1.5497861040879856E-5
547	1.4722967988835862E-5
548	1.3986819589394068E-5
549	1.3287478609924364E-5
550	1.2623104679428145E-5
551	1.1991949445456736E-5
552	1.1392351973183899E-5
553	1.0822734374524703E-5
554	1.0281597655798468E-5
555	9.767517773008543E-6
556	9.279141884358116E-6
557	8.81518479014021E-6
558	8.374425550633199E-6
559	7.955704273101539E-6
560	7.557919059446462E-6
561	7.180023106474138E-6
562	6.821021951150431E-6
563	6.4799708535929085E-6
564	6.155972310913263E-6
565	1.0000058481736953
566	0.9500055557650104
567	0.9025052779767598
568	0.8573800140779217
569	0.8145110133740256
570	0.7737854627053243
571	0.7350961895700581
572	0.6983413800915551
573	0.6634243110869773
574	0.6302530955326284
575	0.598740440755997
576	0.5688034187181971
577	0.5403632477822872
578	0.5133450853931728
579	0.48767783112351415
580	0.46329393956733844
581	0.4401292425889715
582	0.4181227804595229
583	0.3972166414365467
584	0.37735580936471935
585	0.35848801889648335
586	0.3405636179516592
587	0.3235354370540762
588	0.3073586652013724
589	0.29199073194130376
590	0.27739119534423856
591	0.2635216355770266
592	0.2503455537981753
593	0.2378282761082665
594	0.22593686230285318
595	0.2146400191877105
596	0.20390801822832497
597	0.1937126173169087
598	0.18402698645106325
599	0.17482563712851007
600	0.16608435527208457
601	0.15778013750848033
602	0.1498911306330563
603	0.1423965741014035
604	0.1352767453963333
605	0.12851290812651664
606	0.1220872627201908
607	0.11598289958418126
608	0.11018375460497219
609	0.10467456687472358
610	0.0994408385309874
611	0.09446879660443802
612	0.08974535677421612
613	0.08525808893550531
614	0.08099518448873004
615	0.07694542526429353
616	0.07309815400107884
617	0.0694432463010249
618	0.06597108398597365
619	0.06267252978667497
620	0.05953890329734121
621	0.056561958132474145
622	0.05373386022585044
623	0.05104716721455791
624	0.048494808853830014
625	0.04607006841113851
626	0.04376656499058158
627	0.0415782367410525
628	0.03949932490399988
629	0.03752435865879988
630	0.03564814072585989
631	0.03386573368956689
632	0.03217244700508855
633	0.030563824654834117
634	0.02903563342209241
635	0.02758385175098779
636	0.026204659163438396
637	0.024894426205266475
638	0.02364970489500315
639	0.02246721965025299
640	0.02134385866774034
641	0.02027666573435332
642	0.019262832447635655
643	0.018299690825253873
644	0.017384706283991178
645	0.01651547096979162
646	0.015689697421302037
647	0.014905212550236935
648	0.014159951922725088
649	0.013451954326588833
650	0.01277935661025939
651	0.01214038877974642
652	0.0115333693407591
653	0.010956700873721144
654	0.010408865830035086
655	0.009888422538533332
656	0.009394001411606664
657	0.008924301341026331
658	0.008478086273975014
659	0.008054181960276264
660	0.00765147286226245
661	0.007268899219149328
662	0.006905454258191861
663	0.006560181545282268
664	0.006232172468018155
665	0.005920563844617247
666	0.0056245356523863844
667	0.005343308869767065
668	0.005076143426278712
669	0.004822336254964776
670	0.004581219442216537
671	0.00435215847010571
672	0.004134550546600424
673	0.0039278230192704025
674	0.003731431868306882
675	0.003544860274891538
676	0.0033676172611469607
677	0.0031992363980896123
678	0.0030392745781851315
679	0.0028873108492758746
680	0.0027429453068120806
681	0.0026057980414714763
682	0.0024755081393979025
683	0.002351732732428007
684	0.002234146095806607
685	0.0021224387910162763
686	0.0020163168514654626
687	0.0019155010088921893
688	0.0018197259584475797
689	0.0017287396605252007
690	0.0016423026774989406
691	0.0015601875436239935
692	0.0014821781664427938
693	0.001408069258120654
694	0.0013376657952146212
695	0.0012707825054538901
696	0.0012072433801811955
697	0.0011468812111721358
698	0.0010895371506135288
699	0.0010350602930828522
700	9.833072784287097E-4
701	9.341419145072741E-4
702	8.874348187819104E-4
703	8.430630778428149E-4
704	8.009099239506741E-4
705	7.608644277531404E-4
706	7.228212063654833E-4
707	6.866801460472091E-4
708	6.523461387448487E-4
709	6.197288318076062E-4
710	5.887423902172259E-4
711	5.593052707063646E-4
712	5.313400071710464E-4
713	5.047730068124941E-4
714	4.795343564718693E-4
715	4.5555763864827585E-4
716	4.3277975671586206E-4
717	4.1114076888006893E-4
718	3.905837304360655E-4
719	3.710545439142622E-4
720	3.525018167185491E-4
721	3.348767258826216E-4
722	3.181328895884905E-4
723	3.0222624510906597E-4
724	2.8711493285361265E-4
725	2.72759186210932E-4
726	2.591212269003854E-4
727	2.461651655553661E-4
728	2.3385690727759778E-4
729	2.221640619137179E-4
730	2.11055858818032E-4
731	2.005030658771304E-4
732	1.9047791258327388E-4
733	1.8095401695411017E-4
734	1.7190631610640466E-4
735	1.6331100030108443E-4
736	1.551454502860302E-4
737	1.4738817777172869E-4
738	1.4001876888314224E-4
739	1.3301783043898513E-4
740	1.2636693891703588E-4
741	1.2004859197118408E-4
742	1.1404616237262487E-4
743	1.0834385425399362E-4
744	1.0292666154129394E-4
745	9.778032846422923E-5
746	9.289131204101777E-5
747	8.824674643896688E-5
748	8.383440911701853E-5
749	7.96426886611676E-5
750	7.566055422810921E-5
751	7.187752651670375E-5
752	6.828365019086856E-5
753	6.486946768132514E-5
754	6.162599429725887E-5
755	5.8544694582395927E-5
756	5.561745985327613E-5
757	5.283658686061232E-5
758	5.01947575175817E-5
759	4.7685019641702613E-5
760	4.530076865961748E-5
761	4.30357302266366E-5
762	4.088394371530477E-5
763	3.8839746529539526E-5
764	3.689775920306255E-5
765	3.505287124290942E-5
766	3.330022768076394E-5
767	3.163521629672574E-5
768	3.005345548188945E-5
769	2.8550782707794976E-5
770	2.7123243572405227E-5
771	2.5767081393784964E-5
772	2.4478727324095714E-5
773	2.3254790957890928E-5
774	2.2092051409996382E-5
775	2.0987448839496563E-5
776	1.9938076397521733E-5
777	1.8941172577645646E-5
778	1.7994113948763363E-5
779	1.7094408251325194E-5
780	1.6239687838758934E-5
781	1.5427703446820986E-5
782	1.4656318274479935E-5
783	1.3923502360755939E-5
784	1.3227327242718142E-5
785	1.2565960880582234E-5
786	1.193766283655312E-5
787	1.1340779694725464E-5
788	1.077374070998919E-5
789	1.023505367448973E-5
790	9.723300990765244E-6
791	9.237135941226981E-6
792	8.77527914416563E-6
793	8.33651518695735E-6
794	7.919689427609482E-6
795	7.5237049562290075E-6
796	7.147519708417556E-6
797	6.790143722996679E-6
798	6.450636536846844E-6
799	6.128104710004501E-6
800	5.821699474504276E-6
801	5.530614500779062E-6
802	5.254083775740108E-6
803	4.991379586953102E-6
804	4.7418106076054466E-6
805	4.504720077225174E-6
806	4.2794840733639146E-6
807	4.0655098696957185E-6
808	3.862234376210933E-6
809	3.6691226574003858E-6
810	3.4856665245303663E-6
811	3.3113831983038477E-6
812	3.145814038388655E-6
813	2.988523336469222E-6
814	2.839097169645761E-6
815	2.6971423111634725E-6
816	2.562285195605299E-6
817	2.434170935825034E-6
818	2.312462389033782E-6
819	2.196839269582093E-6
820	2.086997306102988E-6
821	1.9826474407978386E-6
822	1.8835150687579465E-6
823	1.7893393153200492E-6
824	1.6998723495540468E-6
825	1.6148787320763443E-6
826	1.534134795472527E-6
827	1.4574280556989007E-6
828	1.3845566529139557E-6
829	1.3153288202682577E-6
830	1.2495623792548448E-6
831	1.1870842602921024E-6
832	1.1277300472774972E-6
833	1.0713435449136222E-6
834	1.0177763676679411E-6
835	9.66887549284544E-7
836	9.185431718203168E-7
837	8.726160132293009E-7
838	8.289852125678358E-7
839	7.87535951939444E-7
840	7.481591543424718E-7
841	7.107511966253482E-7
842	6.752136367940807E-7
843	6.414529549543766E-7
844	6.093803072066578E-7
845	5.789112918463249E-7
846	5.499657272540087E-7
847	5.224674408913082E-7
848	4.963440688467428E-7
849	4.7152686540440566E-7
850	4.4795052213418534E-7
851	4.2555299602747607E-7
852	4.0427534622610223E-7
853	3.840615789147971E-7
854	3.648584999690572E-7
855	3.466155749706043E-7
856	3.2928479622207407E-7
857	3.1282055641097035E-7
858	2.9717952859042183E-7
859	2.8232055216090073E-7
860	2.682045245528557E-7
861	2.547942983252129E-7
862	2.4205458340895225E-7
863	2.2995185423850462E-7
864	2.1845426152657937E-7
865	2.0753154845025038E-7
866	1.9715497102773786E-7
867	1.8729722247635097E-7
868	1.779323613525334E-7
869	1.6903574328490673E-7
870	1.6058395612066138E-7
871	1.525547583146283E-7
872	1.4492702039889688E-7
873	1.3768066937895202E-7
874	1.3079663591000442E-7
875	1.242568041145042E-7
876	1.1804396390877898E-7
877	1.1214176571334003E-7
878	1.0653467742767302E-7
879	1.0120794355628937E-7
880	9.61475463784749E-8
881	9.134016905955115E-8
882	8.67731606065736E-8
883	8.243450257624491E-8
884	7.831277744743265E-8
885	7.439713857506102E-8
886	7.067728164630797E-8
887	6.714341756399257E-8
888	6.378624668579294E-8
889	6.059693435150329E-8
890	5.756708763392812E-8
891	5.468873325223171E-8
892	5.195429658962012E-8
893	4.935658176013911E-8
894	4.6888752672132156E-8
895	4.454431503852554E-8
896	4.2317099286599265E-8
897	4.02012443222693E-8
898	3.819118210615583E-8
899	3.628162300084804E-8
900	3.4467541850805636E-8
901	3.2744164758265355E-8
902	3.110695652035209E-8
903	2.9551608694334483E-8
904	2.807402825961776E-8
905	2.6670326846636868E-8
906	2.5336810504305023E-8
907	2.406996997908977E-8
908	2.286647148013528E-8
909	2.1723147906128516E-8
910	2.063699051082209E-8
911	1.9605140985280984E-8
912	1.8624883936016934E-8
913	1.7693639739216086E-8
914	1.6808957752255282E-8
915	1.596850986464252E-8
916	1.517008437141039E-8
917	1.4411580152839871E-8
918	1.3691001145197877E-8
919	1.3006451087937982E-8
920	1.2356128533541081E-8
921	1.1738322106864027E-8
922	1.1151406001520825E-8
923	1.0593835701444783E-8
924	1.0064143916372543E-8
925	9.560936720553915E-9
926	9.082889884526219E-9
927	8.628745390299908E-9
928	8.197308120784913E-9
929	7.787442714745667E-9
930	7.398070579008383E-9
931	7.0281670500579635E-9
932	6.676758697555065E-9
933	6.342920762677312E-9
934	6.025774724543446E-9
935	5.724485988316274E-9
936	5.43826168890046E-9
937	5.166348604455436E-9
938	4.908031174232665E-9
939	4.662629615521031E-9
940	4.429498134744979E-9
941	4.20802322800773E-9
942	3.997622066607344E-9
943	3.797740963276976E-9
944	3.6078539151131276E-9
945	3.427461219357471E-9
946	3.2560881583895974E-9
947	3.093283750470117E-9
948	2.9386195629466114E-9
949	2.7916885847992806E-9
950	2.6521041555593163E-9
951	2.5194989477813505E-9
952	2.393524000392283E-9
953	2.2738478003726685E-9
954	2.160155410354035E-9
955	2.0521476398363332E-9
956	1.9495402578445164E-9
957	1.8520632449522905E-9
958	1.7594600827046759E-9
959	1.671487078569442E-9
960	1.5879127246409699E-9
961	1.5085170884089213E-9
962	1.4330912339884752E-9
963	1.3614366722890514E-9
964	1.2933648386745988E-9
965	1.2286965967408687E-9
966	1.1672617669038253E-9
967	1.108898678558634E-9
968	1.0534537446307023E-9
969	1.000781057399167E-9
970	9.507420045292086E-10
971	9.032049043027481E-10
972	8.580446590876107E-10
973	8.151424261332302E-10
974	7.743853048265687E-10
975	7.356660395852402E-10
976	6.988827376059782E-10
977	6.639386007256792E-10
978	6.307416706893952E-10
979	5.992045871549254E-10
980	5.692443577971791E-10
981	5.407821399073202E-10
982	5.137430329119542E-10
983	4.880558812663565E-10
984	4.636530872030386E-10
985	4.404704328428866E-10
986	4.184469112007423E-10
987	3.9752456564070516E-10
988	3.776483373586699E-10
989	3.587659204907364E-10
990	3.4082762446619954E-10
991	3.2378624324288955E-10
992	3.0759693108074505E-10
993	2.9221708452670777E-10
994	2.776062303003724E-10
995	2.6372591878535377E-10
996	2.505396228460861E-10
997	2.3801264170378176E-10
998	2.2611200961859267E-10
999	2.1480640913766304E-10
1000	2.0406608868077987E-10
1001	1.9386278424674086E-10
